mcfa02-bins-bin.104	o__Selenomonadales	95.21	0.60	2248634	10	42.4	2017
mcfa02-bins-bin.106	k__Bacteria	90.73	0.00	1180723	11	24.9	1160
mcfa02-bins-bin.107	k__Bacteria	80.70	0.00	2589928	29	49.9	2236
mcfa02-bins-bin.21	k__Bacteria	94.29	0.32	2129483	54	50.5	2049
mcfa02-bins-bin.34	g__Prevotella	88.32	6.93	2953401	75	50.7	2318
mcfa02-bins-bin.35	o__Selenomonadales	84.62	11.37	1926517	190	57.3	1790
mcfa02-bins-bin.47	k__Bacteria	83.84	1.15	2173226	33	56.2	2003
mcfa02-bins-bin.48	k__Bacteria	87.60	1.89	1310304	62	38.1	1372
mcfa02-bins-bin.49	o__Clostridiales	92.06	0.00	2098151	45	51.1	1844
mcfa02-bins-bin.54	o__Clostridiales	92.12	0.32	1917786	177	52.9	1730
mcfa02-bins-bin.55	k__Bacteria	96.19	6.03	2080587	65	51.4	1966
mcfa02-bins-bin.5	p__Bacteroidetes	82.38	1.46	2012014	71	43.3	1714
mcfa02-bins-bin.67	g__Prevotella	95.58	1.86	3559948	107	51.2	2796
mcfa02-bins-bin.70	o__Clostridiales	88.22	0.96	1923614	49	52.4	1639
mcfa02-bins-bin.81	root	92.76	4.17	2132984	245	48.9	1914
mcfa120-bins-bin.10	root	84.85	0.00	1923983	28	45.8	1736
mcfa120-bins-bin.13	root	100.00	0.00	2293104	39	46.2	2288
mcfa120-bins-bin.16	root	91.67	0.00	2012349	140	60.3	1913
mcfa120-bins-bin.17	root	83.33	0.00	1325640	19	46.7	1256
mcfa120-bins-bin.18	root	100.00	0.00	1962978	48	50.2	1829
mcfa120-bins-bin.20	root	100.00	2.46	3110021	204	44.1	3145
mcfa120-bins-bin.29	root	75.00	4.17	2358146	40	44.4	2255
mcfa120-bins-bin.3	root	83.33	0.00	1719632	124	65.7	1581
mcfa120-bins-bin.6	root	95.83	0.46	2156610	45	66.0	1840
mcfa120-bins-bin.7	root	100.00	0.00	3178985	68	40.0	2985
mcfa120-bins-bin.9	root	91.67	0.00	2601117	87	55.6	2712
mcfa48-bins-bin.14	root	91.67	0.00	2865896	403	54.3	2727
mcfa48-bins-bin.15	root	100.00	0.00	1562953	13	65.3	1189
mcfa48-bins-bin.16	root	100.00	0.00	1364252	22	39.4	1322
mcfa48-bins-bin.18	root	95.83	0.00	1254539	21	45.8	1300
mcfa48-bins-bin.19	root	100.00	0.00	2422568	113	39.0	2518
mcfa48-bins-bin.1	root	75.00	0.00	1829319	39	46.2	1644
mcfa48-bins-bin.22	root	100.00	0.00	3080767	24	53.5	2775
mcfa48-bins-bin.23	root	91.67	0.00	2049347	34	49.9	1723
mcfa48-bins-bin.25	root	83.33	0.00	2390166	43	43.0	2144
mcfa48-bins-bin.2	root	91.67	0.00	1992582	132	65.7	1842
mcfa84-bins-bin.12	root	100.00	0.00	3165122	62	40.0	2966
mcfa84-bins-bin.13	root	100.00	0.00	2338334	35	66.0	1981
mcfa84-bins-bin.15	root	100.00	0.00	2146526	153	46.0	2254
mcfa84-bins-bin.16	root	83.33	0.00	1877910	84	46.2	1702
mcfa84-bins-bin.17	root	100.00	0.00	1969180	50	50.3	1830
mcfa84-bins-bin.18	root	100.00	0.00	2065796	79	60.3	1918
mcfa84-bins-bin.19	root	100.00	8.33	2532751	96	64.2	2261
mcfa84-bins-bin.23	root	75.00	0.00	2159815	133	45.3	2104
mcfa84-bins-bin.26	root	95.83	0.52	2332155	235	55.5	2481
mcfa84-bins-bin.8	root	90.28	0.00	2184750	189	64.3	1923
mcfa96-bins-bin.10	root	79.76	0.00	2225676	170	64.3	1942
mcfa96-bins-bin.12	root	100.00	0.00	1933811	72	47.0	1838
mcfa96-bins-bin.13	root	91.67	0.00	3259102	64	40.1	3041
mcfa96-bins-bin.16	root	100.00	0.00	1933659	47	50.2	1794
mcfa96-bins-bin.18	root	100.00	14.73	2318220	101	47.2	2108
mcfa96-bins-bin.1	root	95.83	0.00	2032598	107	60.3	1915
mcfa96-bins-bin.25	root	100.00	0.00	2820858	55	53.7	2538
mcfa96-bins-bin.26	root	100.00	4.17	2961715	182	44.7	2946
mcfa96-bins-bin.27	root	95.83	17.93	1797049	137	65.7	1660
mcfa96-bins-bin.29	root	79.17	0.00	1962182	43	66.0	1675
mcfa96-bins-bin.31	root	91.67	0.00	2269425	77	55.4	2308
mcfa96-bins-bin.32	root	87.50	0.00	2443597	76	43.0	2256
mcfa96-bins-bin.8	root	90.10	0.00	1739324	24	39.8	1661
mcfa96-bins-bin.9	root	100.00	0.00	1596181	41	65.2	1263
